SetID,SetType,Time,Chan,Status,Thr,Amp,RiseT,Dur,Eny,RMS,Counts,TRAI,CHits,PA0,PA1
1382,2,93.27222895,3,0,11.3694478249001,12.9936546570287,72.2,72.4,0.13393368850848,2.41982736413862,2,609,1,,
1554,2,104.5837099,3,0,11.3694478249001,12.4522523796525,87.1,87.25,0.279823596031383,2.41095702922609,2,685,1,,
2927,2,197.35510115,3,0,11.3694478249001,15.4299649052216,179.8,606.7,1.63569224753965,2.41273109620859,15,1292,1,,
4009,2,271.46937755,3,0,11.3694478249001,14.6178614891573,114.7,181.35,0.421272789701173,2.4145051631911,3,1769,1,,
4751,2,322.8151936,3,0,11.3694478249001,15.4299649052216,25.05,198.05,0.472928697446012,2.42337549810363,3,2098,1,,
4752,2,322.815525,3,0,11.3694478249001,34.1083434747003,188.55,596.35,3.03574526909534,2.42337549810363,56,2099,1,,
4753,2,322.81622465,3,0,11.3694478249001,20.3025854016073,52.5,239.55,0.683541642982523,2.42337549810363,4,2100,1,,
4948,2,336.2718705,3,0,11.3694478249001,17.5955740147264,116.05,252,0.79674613784795,2.41273109620859,8,2186,1,,
5240,2,354.91201915,3,0,11.3694478249001,17.8662751534145,83.6,455.1,1.50063592311979,2.42692363206864,24,2316,1,,
5830,2,392.80088695,3,0,11.3694478249001,14.8885626278454,19.6,175.5,0.414835952987352,2.43224583301616,4,2577,1,,
6030,2,405.1363536,3,0,11.3694478249001,17.3248728760383,157.05,405.75,0.991683216924755,2.42337549810363,10,2666,1,,
6359,2,428.8801911,3,0,11.3694478249001,18.6783785694787,123.5,276.15,0.799917657576709,2.4145051631911,7,2808,1,,
6360,2,428.8806653,3,0,11.3694478249001,14.3471603504692,0.15,9.4,0.203161925988909,2.4145051631911,3,2809,1,,
6361,2,428.88078115,3,0,11.3694478249001,14.6178614891573,74.15,140.55,0.355133999350237,2.4145051631911,3,2810,1,,
6391,2,430.77312145,3,0,11.3694478249001,15.1592637665335,91.05,160.05,0.409357606986381,2.4145051631911,2,2824,1,,
6631,2,444.571881,3,0,11.3694478249001,13.5350569344049,190.25,190.45,0.504344915979133,2.41273109620859,3,2933,1,,
7032,2,469.9745076,3,0,11.3694478249001,12.9936546570287,141.15,141.35,0.425238654944251,2.40740889526107,3,3116,1,,
7832,2,524.50470095,3,0,11.3694478249001,13.805758073093,0.2,49.3,0.281722990471527,2.41982736413862,2,3470,1,,
7908,2,530.2316228,3,0,11.3694478249001,78.7740313582365,7.6,881.2,12.1189865657533,2.42160143112112,148,3502,1,,
7909,2,530.23276435,3,0,11.3694478249001,13.2643557957168,0.1,19.25,0.181893398122113,2.42160143112112,2,3503,1,,
8226,2,553.2018084,3,0,11.3694478249001,16.512769459974,350.8,471.7,1.19219243925883,2.42514956508614,11,3642,1,,
8766,2,589.1700314,3,0,11.3694478249001,180.016257227585,4.25,1732.75,52.901441511292,2.4162792301736,314,3881,1,,
9023,2,606.9142627,3,0,11.3694478249001,21.9267922337359,9.1,197.9,1.15931650092449,2.42514956508614,22,3995,1,,
9241,2,622.52268945,3,0,11.3694478249001,25.1752058979931,2.55,16.5,0.257872106892128,2.41982736413862,3,4089,1,,
9324,2,628.2534177,3,0,11.3694478249001,157.818763855161,156.3,2444.95,100.143244512165,2.42514956508614,589,4128,1,,
9741,2,652.60481145,3,0,11.3694478249001,18.9490797081668,88.4,362.7,1.43525923547632,2.4162792301736,18,4317,1,,
9742,2,652.60531875,3,0,11.3694478249001,13.805758073093,23.7,107.05,0.386453489462794,2.4162792301736,2,4318,1,,
10603,2,704.69646565,3,0,11.3694478249001,18.6783785694787,2.4,26.65,0.253472429338646,2.4162792301736,3,4705,1,,
10728,2,713.66539795,3,0,11.3694478249001,71.4651006136578,64.25,1122.55,12.7903580147304,2.41273109620859,163,4760,1,,
10752,2,714.4971035,3,0,11.3694478249001,21.1146888176716,66.1,254.95,1.03228570424709,2.42337549810363,19,4773,1,,
10765,2,715.58091385,3,0,11.3694478249001,15.1592637665335,5.45,173.75,0.515310401473852,2.42160143112112,6,4779,1,,
10889,2,722.4384116,3,0,11.3694478249001,21.9267922337359,73,150.5,0.798223444634729,2.41273109620859,16,4835,1,,
10923,2,724.1521945,3,0,11.3694478249001,15.7006660439097,7.6,56,0.310084935846268,2.4145051631911,4,4851,1,,
10987,2,727.58837955,3,0,11.3694478249001,16.7834705986621,61.3,89.4,0.517004614415833,2.4145051631911,9,4881,1,,
11016,2,729.0738934,3,0,11.3694478249001,79.8568359129889,3.85,1429.4,21.7888036605258,2.41805329715611,250,4895,1,,
11017,2,729.07547895,3,0,11.3694478249001,15.4299649052216,129.4,161.2,0.466867049757405,2.41805329715611,3,4896,1,,
11018,2,729.07584035,3,0,11.3694478249001,13.5350569344049,74.05,99.4,0.246291076902917,2.41805329715611,3,4897,1,,
11412,2,751.5985684,3,0,11.3694478249001,15.7006660439097,1.3,161.75,0.425276760079624,2.42160143112112,6,5074,1,,
11422,2,752.04623,3,0,11.3694478249001,53.3281243215553,271.95,1820.2,18.2215884813941,2.42337549810363,303,5079,1,,
11423,2,752.04819005,3,0,11.3694478249001,15.7006660439097,146.5,146.75,0.433677476847298,2.42337549810363,4,5080,1,,
11424,2,752.04849035,3,0,11.3694478249001,13.805758073093,6.7,115.7,0.318649797812473,2.42337549810363,2,5081,1,,
11645,2,765.13773095,3,0,11.3694478249001,17.5955740147264,0.25,222.1,0.637686509307197,2.43401989999867,3,5182,1,,
12313,2,807.6607117,3,0,11.3694478249001,18.4076774307907,40.15,178.15,0.824354774008005,2.4145051631911,9,5481,1,,
12514,2,823.0813759,3,0,11.3694478249001,101.783628146725,52.5,858.2,23.2482420699786,2.4162792301736,206,5567,1,,
12515,2,823.082357,3,0,11.3694478249001,18.1369762921026,191.35,577,1.36572322574865,2.4162792301736,8,5568,1,,
12539,2,824.62345595,3,0,11.3694478249001,13.2643557957168,0.2,119,0.393464834371474,2.42514956508614,2,5578,1,,
12560,2,825.5346138,3,0,11.3694478249001,15.4299649052216,0.2,76.65,0.263655293976084,2.42869769905115,2,5588,1,,
12590,2,827.3988925,3,0,11.3694478249001,30.8599298104432,70.35,302.4,2.32848757608936,2.4162792301736,51,5602,1,,
12849,2,843.45635225,3,0,11.3694478249001,38.4395616937099,4.5,360.5,2.20988680782223,2.41805329715611,41,5717,1,,
13076,2,859.93004975,3,0,11.3694478249001,21.3853899563597,37.45,348.8,1.47503806564174,2.41982736413862,29,5816,1,,
13091,2,860.801161,3,0,11.3694478249001,37.3567571389575,267,1571.2,10.8863381973851,2.43047176603366,213,5822,1,,
13267,2,873.2872233,3,0,11.3694478249001,14.6178614891573,0.15,143.15,0.425555220684275,2.42160143112112,4,5901,1,,
13322,2,876.7351807,3,0,11.3694478249001,12.7229535183406,68.6,68.8,0.115482009495045,2.42337549810363,2,5926,1,,
13325,2,876.86084365,3,0,11.3694478249001,13.5350569344049,23.85,31.6,0.20739745834386,2.42869769905115,3,5928,1,,
13425,2,884.0330992,3,0,11.3694478249001,16.7834705986621,137.2,176.25,0.737026597225278,2.42692363206864,12,5973,1,,
13602,2,895.02066535,3,0,11.3694478249001,43.8535844674718,260.95,1378.05,10.4813538874738,2.4162792301736,197,6053,1,,
13603,2,895.0221447,3,0,11.3694478249001,14.8885626278454,0.2,127.4,0.44265270180983,2.4162792301736,4,6054,1,,
13719,2,902.33691185,3,0,11.3694478249001,17.5955740147264,60.35,347.85,0.96633743957302,2.4145051631911,11,6105,1,,
13744,2,904.198009,3,0,11.3694478249001,22.197493372424,6.05,138.25,0.677213259346303,2.41982736413862,8,6116,1,,
13830,2,909.6038159,3,0,11.3694478249001,79.3154336356127,108.8,776.5,22.9978385696196,2.4145051631911,173,6154,1,,
14043,2,922.9634297,3,0,11.3694478249001,39.2516651097742,6.1,344.9,3.2523084780786,2.41805329715611,68,6251,1,,
14309,2,941.3900538,3,0,11.3694478249001,13.2643557957168,1.7,19.3,0.120037038754279,2.41982736413862,2,6368,1,,
14561,2,956.81856055,3,0,11.3694478249001,13.805758073093,30.45,30.65,0.195637627334821,2.42160143112112,3,6480,1,,
14750,2,968.08713885,3,0,11.3694478249001,206.544968819019,11.25,876.6,80.0513240842593,2.42514956508614,189,6566,1,,
14922,2,978.39066025,3,0,11.3694478249001,14.0764592117811,0.15,69.85,0.244007699944781,2.42692363206864,3,6645,1,,
15116,2,991.14177345,3,0,11.3694478249001,48.9969061025457,49.75,755.85,6.5778696821659,2.42514956508614,97,6730,1,,
15117,2,991.14285565,3,0,11.3694478249001,12.4522523796525,0.15,80.85,0.191202775810225,2.42514956508614,3,6731,1,,
15446,2,1012.72784035,3,0,11.3694478249001,14.8885626278454,62.35,62.6,0.355916620207518,2.42692363206864,3,6877,1,,
15632,2,1024.3100076,3,0,11.3694478249001,14.3471603504692,68.15,74.65,0.370997460322549,2.42514956508614,3,6961,1,,
15647,2,1024.9324812,3,0,11.3694478249001,44.394986744848,89.55,432.6,4.28359172414895,2.41982736413862,77,6969,1,,
15725,2,1028.87316225,3,0,11.3694478249001,92.5797894313294,30.05,436.25,12.4145417203653,2.42160143112112,79,7005,1,,
15953,2,1044.202422,3,0,11.3694478249001,28.4236195622503,24.5,66.45,0.690374186871374,2.42514956508614,11,7105,1,,
16240,2,1062.60995165,3,0,11.3694478249001,25.4459070366812,52.45,223.2,1.37051861047716,2.40918296224358,24,7230,1,,
16268,2,1064.81273875,3,0,11.3694478249001,17.3248728760383,87.75,168.6,0.695890638007717,2.4162792301736,9,7242,1,,
16317,2,1067.79573275,3,0,11.3694478249001,20.0318842629192,68.35,202.75,1.02861295542996,2.41805329715611,16,7264,1,,
16531,2,1082.90560365,3,0,11.3694478249001,24.0924013432407,15.45,293.35,1.51444756911047,2.41805329715611,24,7358,1,,
16610,2,1087.19069715,3,0,11.3694478249001,21.6560910950478,29.8,357.45,1.31415818409585,2.4162792301736,23,7395,1,,
16673,2,1091.15884525,3,0,11.3694478249001,112.340972555561,79.25,752.35,33.5594975643105,2.41805329715611,171,7422,1,,
17180,2,1125.8228642,3,0,11.3694478249001,16.512769459974,56.1,280.35,0.780533868328759,2.4145051631911,7,7645,1,,
17481,2,1143.0343437,3,0,11.3694478249001,14.0764592117811,0.15,30.65,0.222838831662807,2.42337549810363,2,7782,1,,
17581,2,1149.04845645,3,0,11.3694478249001,14.6178614891573,88.4,88.65,0.364170778762218,2.43224583301616,3,7827,1,,
17597,2,1150.5470679,3,0,11.3694478249001,28.4236195622503,26.35,373.35,2.22169939978794,2.4162792301736,45,7832,1,,
17631,2,1152.9704186,3,0,11.3694478249001,18.6783785694787,9.05,75.65,0.399617348152125,2.43047176603366,5,7848,1,,
17705,2,1158.40684765,3,0,11.3694478249001,27.611516146186,41.15,349.3,2.00251279879244,2.4162792301736,41,7880,1,,
17706,2,1158.40734,3,0,11.3694478249001,12.4522523796525,99.15,127.2,0.269631937901167,2.4162792301736,2,7881,1,,
17712,2,1158.70344505,3,0,11.3694478249001,59.8249516500696,47.65,480.05,9.7708807072752,2.41805329715611,108,7884,1,,
17739,2,1160.2619694,3,0,11.3694478249001,17.0541717373502,62.2,181.75,0.659998531650369,2.41982736413862,8,7896,1,,
17836,2,1167.1042193,3,0,11.3694478249001,242.006817987159,10.65,2325.8,177.899581296656,2.41982736413862,544,7940,1,,
17837,2,1167.10678825,3,0,11.3694478249001,14.3471603504692,41.75,47.75,0.233399816489718,2.41982736413862,2,7941,1,,
18121,2,1184.87710985,3,0,11.3694478249001,57.1179402631886,28.6,369.95,6.47767076311979,2.42869769905115,81,8069,1,,
18734,2,1225.59349875,3,0,11.3694478249001,22.197493372424,68.85,102.1,0.534521252030493,2.42160143112112,8,8342,1,,
18911,2,1237.44402475,3,0,11.3694478249001,46.8312969930409,105.9,511.35,5.40137069635233,2.42337549810363,83,8418,1,,
18932,2,1239.11294505,3,0,11.3694478249001,29.7771252556908,3.7,44.4,0.383639571773692,2.42337549810363,6,8427,1,,
18973,2,1242.18353225,3,0,11.3694478249001,13.5350569344049,47.1,47.35,0.3498051427265,2.41805329715611,2,8444,1,,
19181,2,1255.8291847,3,0,11.3694478249001,28.6943207009384,31.55,313.45,2.32145571303086,2.41982736413862,38,8535,1,,
19761,2,1291.24185765,3,0,11.3694478249001,17.0541717373502,16.4,211.35,0.713357445829967,2.4145051631911,10,8798,1,,
20069,2,1310.36330345,3,0,11.3694478249001,102.595731562789,46.95,1010.25,31.8091000658045,2.41982736413862,218,8933,1,,
20366,2,1329.80014635,3,0,11.3694478249001,33.8376423360122,12.8,371.05,3.36509674761918,2.42337549810363,54,9067,1,,
20421,2,1333.2319148,3,0,11.3694478249001,39.2516651097742,33.9,336.75,4.05314065890427,2.41805329715611,59,9092,1,,
20502,2,1337.87847635,3,0,11.3694478249001,18.9490797081668,8.8,161.05,0.71740538367231,2.42514956508614,13,9129,1,,
20825,2,1355.2053059,3,0,11.3694478249001,43.8535844674718,73.4,409.95,5.77980452040118,2.42692363206864,76,9279,1,,
20845,2,1357.03658895,3,0,11.3694478249001,52.2453197668029,128.3,595.25,10.2610651687168,2.41805329715611,119,9288,1,,
20952,2,1363.3969422,3,0,11.3694478249001,17.3248728760383,0.3,133.7,0.533108430857423,2.42160143112112,6,9338,1,,
21091,2,1372.49636895,3,0,11.3694478249001,25.7166081753693,23.85,222.6,1.33606570577121,2.4162792301736,25,9400,1,,
21096,2,1372.6078159,3,0,11.3694478249001,12.4522523796525,0.05,34.15,0.269605557422831,2.41805329715611,2,9403,1,,
21174,2,1377.5174684,3,0,11.3694478249001,148.073522862389,53.4,703.35,31.1292604832817,2.42514956508614,144,9439,1,,
21385,2,1392.5016849,3,0,11.3694478249001,24.0924013432407,32.15,251.6,1.14514139056564,2.41805329715611,23,9529,1,,
21449,2,1395.65408845,3,0,11.3694478249001,29.5064241170027,16.15,375.55,2.71028344554384,2.42337549810363,51,9559,1,,
21570,2,1401.98121485,3,0,11.3694478249001,22.197493372424,6.45,164.05,0.73401922269505,2.41982736413862,15,9615,1,,
21639,2,1407.727198,3,0,11.3694478249001,86.0829621028151,51.4,794.8,23.0508281571025,2.43224583301616,188,9645,1,,
21783,2,1418.12491445,3,0,11.3694478249001,31.1306309491312,48.35,368.5,1.72168967574858,2.41273109620859,28,9710,1,,
21833,2,1420.35388085,3,0,11.3694478249001,94.203996263458,120.55,720.65,21.0005549678661,2.42692363206864,175,9733,1,,
21836,2,1420.3603164,3,0,11.3694478249001,87.9778700736318,60.95,845.1,25.0191870299435,2.42692363206864,202,9735,1,,
21925,2,1426.22736285,3,0,11.3694478249001,20.8439876789835,21.65,253.35,1.24165876730184,2.41982736413862,27,9777,1,,
21949,2,1427.95605,3,0,11.3694478249001,15.4299649052216,111.75,171.2,0.486716894122612,2.42337549810363,4,9788,1,,
22042,2,1433.5184627,3,0,11.3694478249001,13.5350569344049,109.15,109.3,0.310375121107957,2.4162792301736,4,9828,1,,
22049,2,1434.0318678,3,0,11.3694478249001,25.4459070366812,59.45,289.3,2.36728739739211,2.42869769905115,47,9831,1,,
22101,2,1437.4180316,3,0,11.3694478249001,16.7834705986621,5.95,25,0.37540300020455,2.42160143112112,3,9855,1,,
22467,2,1457.45730845,3,0,11.3694478249001,28.6943207009384,59.9,344.4,2.30528154864705,2.42337549810363,48,10025,1,,
22469,2,1457.63242555,3,0,11.3694478249001,15.1592637665335,185.5,224.2,0.740869353569458,2.42692363206864,11,10026,1,,
22715,2,1475.76560805,3,0,11.3694478249001,63.614767591703,23.45,542.7,7.57982662982014,2.42514956508614,86,10132,1,,
22852,2,1483.23715375,3,0,11.3694478249001,59.5542505113815,11.9,480.2,9.25684829341848,2.41982736413862,114,10195,1,,
23066,2,1497.1862792,3,0,11.3694478249001,28.1529184235622,63.05,188.4,1.57185442113241,2.42160143112112,17,10290,1,,
23081,2,1498.1082806,3,0,11.3694478249001,17.8662751534145,47.7,50.6,0.367562135810437,2.41805329715611,4,10297,1,,
23271,2,1512.62943025,3,0,11.3694478249001,20.5732865402954,80.8,198.25,0.817056175001896,2.42337549810363,13,10379,1,,
23695,2,1539.2491767,3,0,11.3694478249001,68.2166869494007,28,398.55,9.421169361805,2.41982736413862,80,10569,1,,
23758,2,1541.59898525,3,0,11.3694478249001,13.805758073093,39.2,58.95,0.374107425601859,2.41805329715611,6,10599,1,,
23870,2,1548.61057855,3,0,11.3694478249001,18.4076774307907,27,184.5,0.719677035973408,2.42160143112112,10,10650,1,,
23982,2,1555.14596995,3,0,11.3694478249001,355.430595097472,35.65,1470.5,234.733818655851,2.42869769905115,308,10701,1,,
23983,2,1555.1475941,3,0,11.3694478249001,13.5350569344049,79.45,79.65,0.269083810184644,2.42869769905115,2,10702,1,,
23985,2,1555.1492967,3,0,11.3694478249001,45.4777912996004,27.7,424,4.92131633859152,2.42869769905115,88,10704,1,,
24028,2,1557.75246375,3,0,11.3694478249001,12.1815512409644,48.65,48.75,0.104944473982209,2.42514956508614,2,10724,1,,
24083,2,1561.3291822,3,0,11.3694478249001,23.5509990658645,62.05,187.45,0.805425315220275,2.42692363206864,9,10748,1,,
24086,2,1561.33247115,3,0,11.3694478249001,20.8439876789835,162.25,204.4,1.02430121280426,2.42869769905115,19,10750,1,,
24298,2,1576.63091855,3,0,11.3694478249001,21.6560910950478,30.4,204.05,0.793474958534369,2.42514956508614,12,10841,1,,
24487,2,1588.15785895,3,0,11.3694478249001,15.9713671825978,0.25,21.9,0.268866904029442,2.42692363206864,3,10929,1,,
25237,2,1631.96120075,3,0,11.3694478249001,15.4299649052216,103.85,120.7,0.49249128771379,2.42514956508614,4,11269,1,,
25350,2,1639.96102825,3,0,11.3694478249001,64.4268710077673,33.1,519.45,10.1812554282596,2.42514956508614,98,11319,1,,
25476,2,1646.13115285,3,0,11.3694478249001,27.8822172848741,26.5,324.4,1.33141101692716,2.43224583301616,18,11376,1,,
25548,2,1652.03985535,3,0,11.3694478249001,15.9713671825978,5.85,35.5,0.18462231204769,2.42514956508614,3,11406,1,,
25574,2,1653.372571,3,0,11.3694478249001,26.2580104527455,100.1,357.9,1.65603159633619,2.42160143112112,27,11418,1,,
25913,2,1674.55587265,3,0,11.3694478249001,20.0318842629192,4,19.95,0.330585498677081,2.42160143112112,5,11569,1,,
26151,2,1690.0745398,3,0,11.3694478249001,17.0541717373502,108.05,108.45,0.424766737498475,2.42869769905115,3,11675,1,,
26368,2,1703.9979169,3,0,11.3694478249001,15.4299649052216,0.25,132.85,0.459029116527552,2.42514956508614,2,11771,1,,
26918,2,1739.66665,3,0,11.3694478249001,63.8854687303911,132.05,673.5,10.4723141768976,2.44111616792869,134,12016,1,,
27018,2,1746.23012065,3,0,11.3694478249001,21.6560910950478,0.35,134.25,0.692150472412619,2.42160143112112,12,12062,1,,
27019,2,1746.23683405,3,0,11.3694478249001,23.8217002045526,59.1,107.35,0.863611856935238,2.43047176603366,12,12063,1,,
27091,2,1750.5641069,3,0,11.3694478249001,14.3471603504692,86.1,182.15,0.558310581160443,2.43401989999867,4,12095,1,,
27525,2,1778.2173171,3,0,11.3694478249001,18.9490797081668,7.55,174.2,0.670067080881687,2.41982736413862,8,12289,1,,
27608,2,1782.95636965,3,0,11.3694478249001,173.248728760383,30.65,870.15,53.287886207262,2.43047176603366,177,12327,1,,
27754,2,1792.41993265,3,0,11.3694478249001,18.6783785694787,13.2,143,0.583629978033843,2.41982736413862,6,12392,1,,
28590,2,1845.0577196,3,0,11.3694478249001,13.2643557957168,9.8,43.3,0.322407550393128,2.41982736413862,3,12764,1,,
29385,2,1893.42578485,3,0,11.3694478249001,146.990718307637,4,321.55,11.6334245503489,2.41273109620859,71,13119,1,,
29634,2,1912.0420053,3,0,11.3694478249001,16.7834705986621,60.05,196.2,0.58907021889944,2.42337549810363,7,13223,1,,
30000,2,1935.90184375,3,0,11.3694478249001,33.8376423360122,343.55,1617.95,9.8347507764893,2.44643836887621,192,13388,1,,
30001,2,1935.903607,3,0,11.3694478249001,13.805758073093,0.15,12.75,0.216149914822671,2.44643836887621,2,13389,1,,
30208,2,1949.6137163,3,0,11.3694478249001,19.7611831242311,2.75,5.3,0.172774546110866,2.41805329715611,2,13481,1,,
30410,2,1961.38944675,3,0,11.3694478249001,89.3313757670723,122.9,608.9,17.0134856825348,2.42692363206864,169,13572,1,,
30440,2,1962.836012,3,0,11.3694478249001,28.1529184235622,11.9,234.05,1.50335311238833,2.42160143112112,25,13586,1,,
31367,2,2021.99213035,3,0,11.3694478249001,79.5861347743008,19.55,673.75,15.3685163001139,2.42160143112112,121,13999,1,,
32245,2,2076.57164325,3,0,11.3694478249001,34.9204468907646,11.6,373.8,3.04926379866007,2.42692363206864,53,14395,1,,
32261,2,2077.3198167,3,0,11.3694478249001,45.4777912996004,61.25,607.4,7.1739453836455,2.42337549810363,113,14403,1,,
32715,2,2106.402683,3,0,11.3694478249001,27.3408150074979,25.7,284.15,1.30908726992695,2.43224583301616,23,14605,1,,
32847,2,2114.547196,3,0,11.3694478249001,17.8662751534145,5.75,6.1,0.198269812839835,2.42514956508614,2,14664,1,,
33218,2,2142.18618735,3,0,11.3694478249001,15.1592637665335,13.05,134.5,0.509360138027105,2.42514956508614,5,14827,1,,
33314,2,2150.55146455,3,0,11.3694478249001,34.9204468907646,52.5,432.1,3.41479756880295,2.42692363206864,60,14866,1,,
33691,2,2176.99347805,3,0,11.3694478249001,25.9873093140574,52.75,228.1,1.49337836041332,2.42869769905115,26,15033,1,,
35095,2,2266.60596775,3,0,11.3694478249001,33.296240058636,20.2,332.45,3.10510247780319,2.42160143112112,56,15655,1,,
35189,2,2272.88405545,3,0,11.3694478249001,12.9936546570287,67.45,86.4,0.346032734324547,2.42160143112112,4,15696,1,,
35341,2,2282.54331625,3,0,11.3694478249001,46.8312969930409,59.75,435.35,4.92967895022382,2.43224583301616,69,15764,1,,
35456,2,2293.1750993,3,0,11.3694478249001,38.1688605550218,108.1,348.95,2.71686390930637,2.42514956508614,46,15812,1,,
35482,2,2295.1576851,3,0,11.3694478249001,71.7358017523459,10,1247.3,17.109539935318,2.42160143112112,204,15823,1,,
35483,2,2295.15903565,3,0,11.3694478249001,14.0764592117811,116.3,175.05,0.437722483525382,2.42160143112112,3,15824,1,,
35512,2,2296.5739263,3,0,11.3694478249001,27.0701138688098,108.2,232.35,1.71395140210354,2.42337549810363,29,15838,1,,
35693,2,2309.15668395,3,0,11.3694478249001,23.0095967884883,23.45,118.6,0.799088138091276,2.43224583301616,17,15916,1,,
35803,2,2316.41606845,3,0,11.3694478249001,19.2197808468549,72.25,92,0.59455149606467,2.43579396698117,6,15967,1,,
36535,2,2363.3151568,3,0,11.3694478249001,19.2197808468549,7.25,200.35,0.879170476824565,2.42869769905115,17,16291,1,,
37326,2,2417.0495576,3,0,11.3694478249001,92.0383871539533,63.8,1389.35,21.9011844982343,2.42337549810363,197,16636,1,,
37335,2,2417.2991964,3,0,11.3694478249001,18.4076774307907,15.3,115.85,0.516805295246188,2.43224583301616,6,16641,1,,
39089,2,2534.476169,3,0,11.3694478249001,11.9108501022763,10.75,25.85,0.204835620781073,2.42337549810363,2,17410,1,,
39131,2,2537.52442195,3,0,11.3694478249001,62.8026641756387,53.6,578.2,8.04394424750215,2.43224583301616,105,17428,1,,
41311,2,2684.4610782,3,0,11.3694478249001,53.5988254602434,55.85,525.75,7.55408807645763,2.42869769905115,83,18388,1,,
41359,2,2687.88879565,3,0,11.3694478249001,34.9204468907646,70.8,456.05,2.52818779708782,2.43047176603366,45,18409,1,,
42272,2,2745.9499076,3,0,11.3694478249001,36.8153548615813,17.7,263,2.40535735879426,2.43224583301616,38,18819,1,,
42384,2,2752.5572558,3,0,11.3694478249001,12.7229535183406,47.95,60.4,0.28735961934251,2.42160143112112,2,18869,1,,
43831,2,2845.4567989,3,0,11.3694478249001,57.3886414018767,21.4,577.55,7.02229866951698,2.41273109620859,87,19511,1,,
44186,2,2866.87299295,3,0,11.3694478249001,12.1815512409644,0.1,55.95,0.104862401382944,2.42337549810363,2,19668,1,,
44456,2,2883.83703435,3,0,11.3694478249001,20.8439876789835,43.9,186.85,0.838386257318142,2.42160143112112,15,19788,1,,
44877,2,2908.67006765,3,0,11.3694478249001,26.7994127301217,10.35,304.25,1.27105834482444,2.42869769905115,17,19979,1,,
46230,2,2996.05172885,3,0,11.3694478249001,13.805758073093,1.1,2.35,0.11901406242772,2.41982736413862,2,20584,1,,
46298,2,3000.25881315,3,0,11.3694478249001,187.595889110852,15.95,1200.65,88.0751077839848,2.43579396698117,212,20613,1,,
46383,2,3004.6023501,3,0,11.3694478249001,12.1815512409644,0.1,17.85,0.092610134778312,2.4162792301736,2,20652,1,,
46485,2,3011.60213145,3,0,11.3694478249001,52.2453197668029,24.65,399.05,4.685117260234,2.42337549810363,60,20695,1,,
46875,2,3035.0257459,3,0,11.3694478249001,12.9936546570287,7.65,7.85,0.0790241884356161,2.42514956508614,2,20871,1,,
47053,2,3044.8387773,3,0,11.3694478249001,20.5732865402954,58.25,199.65,0.728608293472048,2.43401989999867,16,20953,1,,
47480,2,3073.87100675,3,0,11.3694478249001,26.2580104527455,24.8,320,2.05015008033753,2.41982736413862,41,21137,1,,
48019,2,3106.7683531,3,0,11.3694478249001,15.9713671825978,2.5,47.45,0.294675805334175,2.42869769905115,3,21377,1,,
49697,2,3214.00885485,3,0,11.3694478249001,15.9713671825978,19.45,113,0.57471630752076,2.42692363206864,4,22123,1,,
49960,2,3230.0583789,3,0,11.3694478249001,64.4268710077673,126.3,1054.85,16.6264430290558,2.40918296224358,191,22244,1,,
50316,2,3251.5433536,3,0,11.3694478249001,73.9014108618507,65.45,611.35,15.8878072226521,2.41982736413862,174,22406,1,,
51943,2,3357.4339842,3,0,11.3694478249001,45.2070901609123,322.05,1596.2,13.9627299212666,2.40563482827857,260,23135,1,,
51944,2,3357.43572465,3,0,11.3694478249001,13.805758073093,0.2,10.65,0.19100638780484,2.40563482827857,2,23136,1,,
52220,2,3376.1654431,3,0,11.3694478249001,13.5350569344049,0.2,9,0.145110217829882,2.42160143112112,2,23258,1,,
52290,2,3381.15522445,3,0,11.3694478249001,19.7611831242311,129.15,319.6,0.956567869096169,2.41982736413862,12,23289,1,,
52531,2,3397.5387517,3,0,11.3694478249001,16.2420683212859,4.6,185.15,0.537830536479447,2.41805329715611,4,23394,1,,
53542,2,3470.0083623,3,0,11.3694478249001,17.3248728760383,6.05,99.2,0.442271650456097,2.41982736413862,5,23837,1,,
54159,2,3513.72576685,3,0,11.3694478249001,24.3631024819288,24.55,229.6,1.45460198842464,2.4162792301736,27,24108,1,,
55194,2,3582.89159545,3,0,11.3694478249001,12.1815512409644,1.9,30.35,0.204691993732358,2.41095702922609,2,24563,1,,
55975,2,3635.6713064,3,0,11.3694478249001,36.5446537228932,5.15,498.7,3.8107597551235,2.41982736413862,70,24901,1,,
56182,2,3650.7327745,3,0,11.3694478249001,11.9108501022763,0.1,21.8,0.103534583973399,2.4162792301736,2,24990,1,,
56623,2,3682.1459027,3,0,11.3694478249001,36.8153548615813,16.8,307.6,2.66637460493681,2.4162792301736,51,25184,1,,
56632,2,3682.63373565,3,0,11.3694478249001,30.0478263943789,76.2,289.5,2.39994936073551,2.40918296224358,45,25188,1,,
57163,2,3719.17277785,3,0,11.3694478249001,14.8885626278454,15.2,79.9,0.400001330670117,2.42160143112112,7,25426,1,,
57653,2,3750.6624704,3,0,11.3694478249001,16.7834705986621,33.9,39.7,0.230366061481155,2.41095702922609,2,25645,1,,
57766,2,3757.9880839,3,0,11.3694478249001,25.1752058979931,34,242.65,1.05356009444241,2.4145051631911,13,25697,1,,
57781,2,3759.80906225,3,0,11.3694478249001,22.197493372424,39,137.1,0.735977240420384,2.42692363206864,9,25703,1,,
58043,2,3776.66648495,3,0,11.3694478249001,30.318527533067,16.9,381.1,2.56034853134285,2.41273109620859,46,25819,1,,
59641,2,3891.3395559,3,0,11.3694478249001,28.9650218396265,19.5,482.75,2.99565573551842,2.42692363206864,61,26513,1,,
59643,2,3891.34014735,3,0,11.3694478249001,11.9108501022763,26.95,27.1,0.188341959492972,2.42692363206864,2,26514,1,,
60041,2,3917.3177841,3,0,11.3694478249001,97.4524099277152,34.8,735.25,24.7971220256452,2.4162792301736,187,26690,1,,
60273,2,3932.52348705,3,0,11.3694478249001,18.4076774307907,34.3,176.2,0.91237177439171,2.4162792301736,16,26791,1,,
60294,2,3934.30989965,3,0,11.3694478249001,15.7006660439097,96.9,169.15,0.62540493105997,2.42692363206864,8,26800,1,,
60336,2,3936.67581275,3,0,11.3694478249001,27.3408150074979,39.3,250.65,1.38318710240664,2.41982736413862,19,26819,1,,
61025,2,3982.4509617,3,0,11.3694478249001,30.8599298104432,22,203,1.53182351084067,2.40563482827857,29,27123,1,,
61560,2,4019.9960169,3,0,11.3694478249001,453.424407302564,32.8,2428.55,594.860449571112,2.41273109620859,574,27355,1,,
62134,2,4058.84962425,3,0,11.3694478249001,21.9267922337359,20.5,256,1.06594719460297,2.42337549810363,15,27609,1,,
62264,2,4067.7750447,3,0,11.3694478249001,37.6274582776456,47.5,209.45,2.08016227119036,2.42869769905115,32,27663,1,,
62282,2,4068.2097405,3,0,11.3694478249001,13.2643557957168,0.15,5.75,0.224538906933306,2.41273109620859,2,27672,1,,
62283,2,4068.2098512,3,0,11.3694478249001,12.4522523796525,0.1,95.9,0.244133740007939,2.41273109620859,2,27673,1,,
62552,2,4086.1294294,3,0,11.3694478249001,104.219938394918,2.3,202.9,3.99242452243337,2.40563482827857,27,27790,1,,
63290,2,4136.2548261,3,0,11.3694478249001,48.7262049638576,6.65,157.9,1.18770189561331,2.4162792301736,21,28118,1,,
63838,2,4176.7762632,3,0,11.3694478249001,515.14426692345,143.25,824.45,171.352110719025,2.41273109620859,189,28360,1,,
65168,2,4270.8220993,3,0,11.3694478249001,12.4522523796525,0.05,9.5,0.11669258033421,2.4162792301736,2,28939,1,,
65490,2,4292.04210965,3,0,11.3694478249001,38.4395616937099,0.3,61,0.613261117532939,2.41095702922609,12,29084,1,,
66159,2,4338.6014913,3,0,11.3694478249001,19.2197808468549,0.25,34.85,0.249468458960195,2.41982736413862,4,29373,1,,
66160,2,4338.60181635,3,0,11.3694478249001,17.0541717373502,0.15,43.35,0.182717055279027,2.41982736413862,3,29374,1,,
67595,2,4429.59466515,3,0,11.3694478249001,45.4777912996004,28.7,532.1,4.08438686991034,2.4162792301736,93,30012,1,,
69824,2,4580.2141734,3,0,11.3694478249001,48.9969061025457,18.5,83.5,1.50828333067278,2.42160143112112,17,30994,1,,
71700,2,4713.40645515,3,0,11.3694478249001,26.2580104527455,26.8,307.25,1.8919785945674,2.42514956508614,39,31807,1,,
71738,2,4715.2950787,3,0,11.3694478249001,105.573444088358,69.3,744.2,24.1819966876432,2.4145051631911,170,31825,1,,
72047,2,4739.0973293,3,0,11.3694478249001,13.5350569344049,7.55,7.8,0.0854961991205509,2.42160143112112,2,31958,1,,
72921,2,4800.2308144,3,0,11.3694478249001,17.3248728760383,52.2,66.1,0.478043579078807,2.41982736413862,6,32337,1,,
72978,2,4804.05607305,3,0,11.3694478249001,69.5701926428411,4.1,192,2.68590495239773,2.41095702922609,35,32362,1,,
74351,2,4900.0864954,3,0,11.3694478249001,31.1306309491312,63.3,378.9,2.68829385126921,2.42514956508614,49,32957,1,,
74612,2,4918.26089535,3,0,11.3694478249001,25.9873093140574,15.5,375.95,1.74672181852455,2.4162792301736,27,33074,1,,
75368,2,4965.7131267,3,0,11.3694478249001,19.7611831242311,140.35,235.8,1.02628854217219,2.42337549810363,21,33409,1,,
75369,2,4965.71346635,3,0,11.3694478249001,16.7834705986621,1.4,505.95,1.15184203206281,2.42337549810363,9,33410,1,,
76374,2,5033.92420645,3,0,11.3694478249001,52.7867220441791,21.85,80.85,1.82692433499247,2.42869769905115,23,33848,1,,
77043,2,5080.3853856,3,0,11.3694478249001,14.6178614891573,17.55,17.8,0.232898587401347,2.4145051631911,2,34143,1,,
77130,2,5085.6035574,3,0,11.3694478249001,11.6401489635882,0.05,22.55,0.084376494373429,2.40918296224358,2,34181,1,,
78924,2,5210.65536145,3,0,11.3694478249001,368.694950893189,3.35,389.1,38.9728772406339,2.41982736413862,92,34962,1,,
79832,2,5272.2807497,3,0,11.3694478249001,25.1752058979931,22.55,318.05,1.62383275694579,2.42337549810363,28,35359,1,,
79846,2,5273.33843945,3,0,11.3694478249001,53.5988254602434,1.15,54.1,0.799337287053332,2.42160143112112,10,35365,1,,
80029,2,5286.0738024,3,0,11.3694478249001,65.5096755625197,3.1,102.75,1.81973418906397,2.42692363206864,26,35445,1,,
80407,2,5312.70403255,3,0,11.3694478249001,27.611516146186,0.35,50.6,0.301810259141753,2.4162792301736,5,35608,1,,
81534,2,5388.8183269,3,0,11.3694478249001,21.6560910950478,13.3,164.15,0.952059738465087,2.40208669431355,16,36104,1,,
81909,2,5415.2667299,3,0,11.3694478249001,41.9586764966552,1.15,42.9,0.547582519970742,2.42514956508614,9,36269,1,,
82221,2,5434.1973838,3,0,11.3694478249001,90.9555825992009,2.3,201,4.86226217225575,2.42160143112112,38,36410,1,,
82391,2,5445.3978704,3,0,11.3694478249001,51.9746186281148,53.5,613.65,6.93409993694918,2.42514956508614,78,36486,1,,
83472,2,5519.87541285,3,0,11.3694478249001,119.920604438827,13.5,805,32.4553279877639,2.40740889526107,211,36960,1,,
84065,2,5559.5111269,3,0,11.3694478249001,19.7611831242311,1.25,56.35,0.333138542747089,2.41095702922609,7,37221,1,,
84910,2,5614.1557638,3,0,11.3694478249001,49.2676072412338,2.35,49.5,0.883133410903384,2.41095702922609,11,37596,1,,
85920,2,5687.91214925,3,0,11.3694478249001,13.5350569344049,108.35,108.65,0.294693392319732,2.41273109620859,2,38034,1,,
86031,2,5695.0540636,3,0,11.3694478249001,49.5383083799219,41.7,590.6,6.31737125209728,2.41805329715611,112,38082,1,,
86514,2,5728.95765075,3,0,11.3694478249001,31.1306309491312,1.05,47.25,0.38263418243269,2.41982736413862,6,38296,1,,
87682,2,5810.24465245,3,0,11.3694478249001,24.6338036206169,4.5,26,0.333800985869732,2.42337549810363,5,38813,1,,
89391,2,5926.3671019,3,0,11.3694478249001,3429.24202490082,4.4,1725.6,4358.09279491063,2.41982736413862,428,39557,1,,
90817,2,6025.3335962,3,0,11.3694478249001,76.8791233874198,88.8,266.8,2.14345196988108,2.40740889526107,25,40182,1,,
92056,2,6113.5878656,3,0,11.3694478249001,19.490481985543,1.25,10.15,0.16150715069742,2.42337549810363,2,40722,1,,
92259,2,6129.6773623,3,0,11.3694478249001,146.720017168949,69.05,876.75,53.8747052920102,2.41273109620859,221,40809,1,,
94690,2,6295.6457221,3,0,11.3694478249001,86.3536632415032,3.25,176.6,2.17740364549865,2.41805329715611,33,41880,1,,
94737,2,6298.87651095,3,0,11.3694478249001,96.911007650339,2.6,229.8,3.94343011183614,2.4145051631911,38,41901,1,,
95951,2,6377.1684223,3,0,11.3694478249001,15.9713671825978,1.35,23.4,0.225224799370025,2.41273109620859,4,42438,1,,
96694,2,6427.7846487,3,0,11.3694478249001,101.242225869349,1.85,147.95,3.22945712151169,2.42337549810363,29,42766,1,,
99579,2,6616.40402415,3,0,11.3694478249001,37.0860560002694,1.2,54,0.639184334243792,2.42160143112112,9,44035,1,,
99930,2,6642.3492613,3,0,11.3694478249001,61.9905607595744,46.85,644.8,8.54691737860785,2.42160143112112,118,44186,1,,
100536,2,6685.42008355,3,0,11.3694478249001,11.9108501022763,9.2,9.35,0.106647480416968,2.41805329715611,2,44450,1,,
101379,2,6746.06498055,3,0,11.3694478249001,23.5509990658645,68.4,206.25,1.05926707125562,2.41805329715611,20,44818,1,,
101673,2,6766.51774975,3,0,11.3694478249001,25.9873093140574,1.25,24.25,0.426669063102878,2.43047176603366,7,44949,1,,
108050,2,7201.9140407,3,0,11.3694478249001,14.0764592117811,13.9,14.2,0.293221947861472,2.40918296224358,4,47758,1,,
108051,2,7201.91418785,3,0,11.3694478249001,13.805758073093,0.2,10.9,0.189508562868245,2.40918296224358,2,47759,1,,
108836,2,7252.4288827,3,0,11.3694478249001,38.710262832398,6.1,110.95,0.879331690858836,2.40918296224358,15,48109,1,,
110028,2,7337.71814795,3,0,11.3694478249001,15.7006660439097,24.65,94.4,0.410767496995192,2.40563482827857,4,48630,1,,
112848,2,7530.74680465,3,0,11.3694478249001,34.1083434747003,1,46.65,0.432997446739098,2.4145051631911,6,49869,1,,
115744,2,7724.3008842,3,0,11.3694478249001,21.1146888176716,708.8,777.55,2.31600374750823,2.41805329715611,32,51150,1,,
115875,2,7731.80030015,3,0,11.3694478249001,23.5509990658645,0.25,22.3,0.263749091232388,2.4162792301736,2,51209,1,,
116091,2,7749.6246494,3,0,11.3694478249001,23.5509990658645,2.65,49.75,0.392685144678452,2.4162792301736,8,51299,1,,
116258,2,7763.17414705,3,0,11.3694478249001,13.5350569344049,7.45,7.7,0.093005841953342,2.40918296224358,2,51369,1,,
117792,2,7874.0195196,3,0,11.3694478249001,1769.03194132672,5.75,1732.9,1780.8482149813,2.4162792301736,393,52038,1,,
119042,2,7958.8523948,3,0,11.3694478249001,20.5732865402954,56.65,92.95,0.587015472753544,2.43047176603366,7,52589,1,,
119773,2,8005.7561612,3,0,11.3694478249001,12.1815512409644,99,99.15,0.156562276591675,2.41095702922609,2,52909,1,,
120858,2,8084.0704062,3,0,11.3694478249001,47.9141015477933,5.65,180.4,1.94899267057857,2.41982736413862,27,53376,1,,
122534,2,8197.319765,3,0,11.3694478249001,106.114846365734,57.9,692.55,24.0775094752855,2.42337549810363,145,54108,1,,
122943,2,8226.7022736,3,0,11.3694478249001,13.805758073093,9,9.2,0.0919857967910425,2.42337549810363,2,54287,1,,
124270,2,8317.58443755,3,0,11.3694478249001,52.516020905491,33.55,361.45,8.32117962549241,2.4145051631911,92,54868,1,,
124271,2,8317.58492935,3,0,11.3694478249001,12.4522523796525,87.1,88.65,0.268981219435562,2.4145051631911,2,54869,1,,
126572,2,8475.07773175,3,0,11.3694478249001,291.815827505769,3.75,276.15,25.0378644086049,2.41982736413862,58,55878,1,,
127704,2,8551.53018075,3,0,11.3694478249001,87.1657666575675,3.4,239.35,2.54140148556956,2.4162792301736,31,56383,1,,
128033,2,8573.57815935,3,0,11.3694478249001,24.904504759305,56.6,251.1,1.58228936589616,2.43224583301616,27,56526,1,,
128036,2,8573.60836105,3,0,11.3694478249001,43.5828833287837,61.1,310,3.87686630266758,2.43047176603366,49,56528,1,,
128041,2,8573.85615455,3,0,11.3694478249001,20.5732865402954,44.35,191.2,0.711373047626298,2.4145051631911,13,56530,1,,
134164,2,9009.96393075,3,0,11.3694478249001,720.877132326404,3.4,949.95,185.541958971774,2.4162792301736,190,59202,1,,
134209,2,9012.1734467,3,0,11.3694478249001,68.2166869494007,3.45,103.1,1.70129170366685,2.4145051631911,18,59224,1,,
135999,2,9136.25725115,3,0,11.3694478249001,208.169175651147,3.35,381.1,22.7202573142467,2.42160143112112,68,60016,1,,
136388,2,9163.11908535,3,0,11.3694478249001,16.2420683212859,0.9,43.85,0.211002790383022,2.41095702922609,2,60185,1,,
137067,2,9213.4969513,3,0,11.3694478249001,12.7229535183406,91.35,91.5,0.152361918207839,2.4162792301736,2,60478,1,,
143472,2,9649.0098799,3,0,11.3694478249001,79.8568359129889,23.65,611.55,15.9267741203177,2.42514956508614,139,63292,1,,
146734,2,9877.3999389,3,0,11.3694478249001,20.5732865402954,1,22,0.188368339971307,2.42337549810363,2,64723,1,,
147461,2,9928.6772541,3,0,11.3694478249001,94.7453985408342,3.65,91.9,2.93416870284728,2.42160143112112,30,65041,1,,
149918,2,10098.74885915,3,0,11.3694478249001,21.3853899563597,8.6,232.75,1.10089839723303,2.41095702922609,18,66122,1,,
150224,2,10121.0708709,3,0,11.3694478249001,15.1592637665335,0.8,4.05,0.0990557649849114,2.42160143112112,2,66256,1,,
150241,2,10122.2107969,3,0,11.3694478249001,21.9267922337359,0.3,10.7,0.239965624430956,2.42337549810363,3,66263,1,,
150799,2,10160.49500225,3,0,11.3694478249001,56.0351357084362,0.9,185.15,1.05829685588573,2.4145051631911,21,66513,1,,
151336,2,10198.7269801,3,0,11.3694478249001,12.9936546570287,0.1,8.35,0.107453550588325,2.42514956508614,2,66743,1,,
152206,2,10260.30072295,3,0,11.3694478249001,22.197493372424,2.5,10,0.18535510311256,2.42160143112112,2,67119,1,,
153157,2,10332.19906715,3,0,11.3694478249001,233.615082687828,3.15,209.6,14.7601150529232,2.4145051631911,54,67530,1,,
153770,2,10378.34177015,3,0,11.3694478249001,56.5765379858124,1.75,126.85,1.32783792769485,2.42692363206864,17,67795,1,,
154065,2,10397.2104467,3,0,11.3694478249001,73.0893074457864,4.45,187.65,2.12518202305173,2.41095702922609,29,67923,1,,
154100,2,10399.16416195,3,0,11.3694478249001,29.2357229783146,72.35,456,2.72476046582142,2.41982736413862,48,67939,1,,
154226,2,10406.47915195,3,0,11.3694478249001,18.9490797081668,5.35,18.2,0.202886396548518,2.41805329715611,3,67997,1,,
155488,2,10496.63944765,3,0,11.3694478249001,83.3759507159341,3.45,257.95,3.3489343078924,2.4145051631911,43,68543,1,,
155850,2,10525.3305515,3,0,11.3694478249001,27.0701138688098,0.95,24,0.231597150470137,2.4145051631911,4,68697,1,,
156035,2,10537.67263405,3,0,11.3694478249001,26.7994127301217,12.4,41.05,0.58686598337631,2.41805329715611,10,68779,1,,
156835,2,10589.08609265,3,0,11.3694478249001,16.2420683212859,6.45,149.65,0.401132760074277,2.42160143112112,3,69134,1,,
161498,2,10924.9443268,3,0,11.3694478249001,11.9108501022763,94.1,94.2,0.125187094358187,2.4162792301736,2,71151,1,,
161660,2,10936.85198095,3,0,11.3694478249001,26.5287115914336,0.8,36.85,0.250242286324698,2.41982736413862,7,71221,1,,
161908,2,10955.85334435,3,0,11.3694478249001,17.8662751534145,1,8.05,0.196584393390633,2.41273109620859,3,71326,1,,
162300,2,10984.44680135,3,0,11.3694478249001,33.8376423360122,1.2,51.3,0.494815700971559,2.40386076129606,10,71493,1,,
162611,2,11007.36851685,3,0,11.3694478249001,22.197493372424,1,4.35,0.19304061580092,2.41095702922609,2,71633,1,,
163516,2,11075.4527864,3,0,11.3694478249001,20.8439876789835,1.95,53.2,0.332467306131668,2.4162792301736,4,72020,1,,
164654,2,11157.6870426,3,0,11.3694478249001,24.904504759305,4.25,25.15,0.327484326890549,2.41273109620859,5,72522,1,,
168052,2,11401.9546044,3,0,11.3694478249001,29.5064241170027,9.7,28.55,0.512640110833465,2.41805329715611,7,73995,1,,
168832,2,11454.94457955,3,0,11.3694478249001,34.6497457520765,1.25,63.55,0.768243496588754,2.40208669431355,14,74339,1,,
170646,2,11576.6648975,3,0,11.3694478249001,180.557659504961,14,420.9,18.2436015249828,2.41095702922609,65,75136,1,,
170749,2,11585.50723115,3,0,11.3694478249001,16.512769459974,3.1,72.6,0.5652222664843,2.4145051631911,12,75180,1,,
171830,2,11663.61589985,3,0,11.3694478249001,12.4522523796525,0.1,100.05,0.151705337413715,2.40918296224358,2,75652,1,,
174454,2,11848.80182115,3,0,11.3694478249001,22.7388956498002,5.55,23.65,0.35760203965672,2.41095702922609,6,76801,1,,
176373,2,11981.4239295,3,0,11.3694478249001,12.7229535183406,0.1,87.75,0.150310103226202,2.41982736413862,2,77640,1,,
177234,2,12040.67996605,3,0,11.3694478249001,97.1817087890271,8.45,94.55,3.9540966185764,2.40563482827857,23,78021,1,,
178403,2,12127.5523809,3,0,11.3694478249001,122.898316964396,9.9,859.9,36.7518051099975,2.4145051631911,197,78524,1,,
181747,2,12365.5521426,3,0,11.3694478249001,17.8662751534145,0.25,13.6,0.205178566999432,2.41805329715611,2,79983,1,,
182923,2,12452.324616,3,0,11.3694478249001,34.6497457520765,36.15,281.05,1.76706116732109,2.41273109620859,32,80496,1,,
183220,2,12471.13142035,3,0,11.3694478249001,61.9905607595744,1.8,96.35,1.34140628705199,2.4145051631911,16,80626,1,,
186127,2,12690.6743173,3,0,11.3694478249001,12.1815512409644,61.15,61.25,0.120904663375085,2.41095702922609,2,81873,1,,
187787,2,12804.9288303,3,0,11.3694478249001,31.4013320878193,3.8,33.2,0.422456980062003,2.4145051631911,6,82601,1,,
193118,2,13183.11316805,3,0,11.3694478249001,26.5287115914336,17.7,465.35,2.38081765161388,2.41095702922609,46,84918,1,,
193308,2,13197.42708445,3,0,11.3694478249001,157.548062716473,8.3,333.5,11.265270319358,2.4145051631911,45,84999,1,,
195656,2,13376.04669545,3,0,11.3694478249001,12.9936546570287,71.55,71.7,0.127259427489641,2.41095702922609,2,86016,1,,
196461,2,13428.2975443,3,0,11.3694478249001,17.3248728760383,87.4,96.1,0.398125385544049,2.41273109620859,5,86371,1,,
197596,2,13509.4190316,3,0,11.3694478249001,4865.58226677987,9.85,2710.25,10410.2363299648,2.4145051631911,645,86864,1,,
197598,2,13509.4220437,3,0,11.3694478249001,11.6401489635882,0.05,45.45,0.155644822178458,2.4145051631911,2,86865,1,,
199839,2,13671.1702957,3,0,11.3694478249001,451.258798193059,3.8,360.2,65.1399902671895,2.40386076129606,89,87836,1,,
200636,2,13728.94634865,3,0,11.3694478249001,21.3853899563597,5.85,26.6,0.238098472797667,2.41095702922609,3,88185,1,,
200980,2,13752.7154163,3,0,11.3694478249001,210.876187038028,7.35,306.65,23.9684877518183,2.40918296224358,60,88333,1,,
203471,2,13939.4867712,3,0,11.3694478249001,25.9873093140574,1.1,26.7,0.228311315335259,2.40918296224358,4,89413,1,,
204747,2,14032.73846165,3,0,11.3694478249001,47.101998131729,2.5,100.6,0.979911661258678,2.4145051631911,13,89970,1,,
209699,2,14378.96776615,3,0,11.3694478249001,11.6401489635882,0.05,70.75,0.114881120821851,2.4162792301736,2,92132,1,,
209862,2,14391.73812895,3,0,11.3694478249001,412.819236499349,8.55,518.45,90.4036217405525,2.4145051631911,106,92204,1,,
211443,2,14507.5249085,3,0,11.3694478249001,28.9650218396265,2.6,24.2,0.341934966689792,2.41273109620859,7,92898,1,,
212847,2,14601.0742803,3,0,11.3694478249001,88.519272351008,1.95,141.7,3.68376706358147,2.41273109620859,27,93515,1,,
213901,2,14681.6363081,3,0,11.3694478249001,14.3471603504692,182.3,345.85,0.8842824272931,2.40208669431355,8,93960,1,,
216017,2,14838.3893756,3,0,11.3694478249001,14.8885626278454,0.85,4.8,0.156014148875152,2.41805329715611,2,94877,1,,
217179,2,14927.97893095,3,0,11.3694478249001,43.8535844674718,1.1,47.8,0.937878765777716,2.40740889526107,15,95375,1,,
224102,2,15425.54088195,3,0,11.3694478249001,22.197493372424,8.85,29.45,0.244098566036825,2.4162792301736,5,98375,1,,
224123,2,15427.5426317,3,0,11.3694478249001,12.1815512409644,18.3,18.45,0.0845083967651057,2.40740889526107,2,98383,1,,
225921,2,15558.0032502,3,0,11.3694478249001,28.4236195622503,1,33.45,0.438150433507266,2.40563482827857,6,99161,1,,
226620,2,15610.8210062,3,0,11.3694478249001,19.7611831242311,1.15,26.15,0.239997867237811,2.4162792301736,3,99465,1,,
226763,2,15620.6195265,3,0,11.3694478249001,58.7421470953172,1.75,108.05,1.96966030977218,2.41273109620859,29,99528,1,,
227876,2,15695.82890335,3,0,11.3694478249001,19.2197808468549,3,23.65,0.222513472430005,2.41273109620859,4,100021,1,,
228522,2,15742.418958,3,0,11.3694478249001,31.9427343651955,3.7,30.15,0.359246422806289,2.4162792301736,6,100301,1,,
229676,2,15826.07158975,3,0,11.3694478249001,12.4522523796525,0.1,39.25,0.106254704406198,2.41095702922609,2,100799,1,,
230751,2,15902.2285745,3,0,11.3694478249001,31.6720332265074,1.15,12.8,0.30764620718238,2.4145051631911,5,101266,1,,
231012,2,15921.37651945,3,0,11.3694478249001,12.9936546570287,0.1,31,0.0959604555268991,2.40563482827857,2,101380,1,,
231103,2,15929.2402894,3,0,11.3694478249001,151.051235387959,2.7,231.5,9.42782310467402,2.41095702922609,46,101417,1,,
233832,2,16116.6228737,3,0,11.3694478249001,97.4524099277152,119.95,1678.6,32.5832615830332,2.41982736413862,303,102607,1,,
234997,2,16199.86947125,3,0,11.3694478249001,18.9490797081668,100.45,290.4,0.961292905882453,2.41805329715611,17,103119,1,,
237667,2,16402.50517735,3,0,11.3694478249001,56.3058368471243,0.95,136.15,1.81427929237707,2.42869769905115,21,104255,1,,
238004,2,16426.98535525,3,0,11.3694478249001,141.576695533875,10.45,984.25,38.4699598016491,2.41095702922609,243,104402,1,,
239829,2,16556.9671574,3,0,11.3694478249001,18.9490797081668,4.05,21.15,0.241545521966817,2.41805329715611,4,105196,1,,
240708,2,16619.51694135,3,0,11.3694478249001,475.3511995363,4.2,677.95,84.3509815197145,2.41805329715611,176,105577,1,,
240994,2,16639.3196819,3,0,11.3694478249001,481.306624587438,78.05,1959.55,290.204173560452,2.42160143112112,344,105701,1,,
245364,2,16960.9644953,3,0,11.3694478249001,43.8535844674718,3.85,92.55,0.904542634654635,2.4145051631911,15,107587,1,,
247634,2,17131.09237515,3,0,11.3694478249001,12.7229535183406,54.1,54.25,0.11714984195869,2.41982736413862,2,108560,1,,
249523,2,17279.2656619,3,0,11.3694478249001,37.0860560002694,4.3,641.05,4.68900984637059,2.41982736413862,92,109364,1,,
250889,2,17380.6428437,3,0,11.3694478249001,20.0318842629192,6.8,199.95,0.761434402013979,2.40563482827857,11,109959,1,,
251537,2,17429.8764298,3,0,11.3694478249001,61.4491584821982,3.3,244.85,2.59880540642724,2.4145051631911,29,110241,1,,
251538,2,17429.87895455,3,0,11.3694478249001,82.2931461611817,14.2,334.6,5.68015079790734,2.4145051631911,57,110242,1,,
253322,2,17559.8176037,3,0,11.3694478249001,351.911480294527,3.25,519.65,59.9990329971423,2.41095702922609,118,111012,1,,
254936,2,17681.7009283,3,0,11.3694478249001,23.0095967884883,0.85,21.3,0.25678464495186,2.40918296224358,5,111704,1,,
257204,2,17854.868219,3,0,11.3694478249001,48.9969061025457,1.8,78.7,1.20552630547521,2.4162792301736,16,112670,1,,
260994,2,18141.7745125,3,0,11.3694478249001,528.950024996543,6.2,737.55,120.656100645881,2.41095702922609,143,114308,1,,
261604,2,18189.01441365,3,0,11.3694478249001,83.9173529933103,1.5,152.35,2.7308455628241,2.42160143112112,26,114571,1,,
262580,2,18266.07997805,3,0,11.3694478249001,11.9108501022763,29.8,29.85,0.0848132378480917,2.41273109620859,2,114985,1,,
264393,2,18401.0100351,3,0,11.3694478249001,489.698359886769,3.55,506.35,123.344423808793,2.41982736413862,138,115765,1,,
274823,2,19161.3852284,3,0,11.3694478249001,16.2420683212859,69.05,488.65,1.47122755210442,2.42160143112112,18,120297,1,,
274824,2,19161.3858686,3,0,11.3694478249001,12.1815512409644,0.1,31.55,0.199899540168106,2.42160143112112,2,120298,1,,
275983,2,19251.05811485,3,0,11.3694478249001,12.7229535183406,0.15,75.8,0.152021903153739,2.41982736413862,2,120795,1,,
276654,2,19298.60117675,3,0,11.3694478249001,48.9969061025457,2.65,138.05,1.43005055658722,2.4162792301736,31,121084,1,,
281314,2,19646.24252245,3,0,11.3694478249001,43.5828833287837,86.65,474.45,5.7951110601642,2.40740889526107,71,123098,1,,
281797,2,19681.32096365,3,0,11.3694478249001,118.567098745387,2.75,433.55,13.2999409212412,2.40918296224358,124,123307,1,,
283570,2,19811.75033335,3,0,11.3694478249001,18.9490797081668,203,232.5,1.00514898553281,2.42337549810363,19,124069,1,,
284069,2,19846.95617855,3,0,11.3694478249001,46.8312969930409,2.6,152.45,1.47903031136316,2.42337549810363,29,124288,1,,
285603,2,19962.5096843,3,0,11.3694478249001,14.0764592117811,0.2,6,0.104707049677191,2.42337549810363,2,124949,1,,
285657,2,19967.22873225,3,0,11.3694478249001,26.7994127301217,1.1,44.9,0.291932235587301,2.41273109620859,3,124971,1,,
289270,2,20241.17005005,3,0,11.3694478249001,16.2420683212859,0.25,107.8,0.431279784483042,2.40918296224358,5,126535,1,,
290717,2,20344.63657095,3,0,11.3694478249001,277.197966016612,15.9,462.9,37.4354229632508,2.41095702922609,155,127165,1,,
291457,2,20404.39291555,3,0,11.3694478249001,237.134197490774,23.85,601.7,38.2266731681122,2.4162792301736,107,127480,1,,
293935,2,20590.0873515,3,0,11.3694478249001,6274.85239479011,16.7,2360,29180.6055766231,2.41805329715611,623,128541,1,,
293936,2,20590.08986925,3,0,11.3694478249001,12.7229535183406,33.9,34.05,0.253815375557006,2.41805329715611,2,128542,1,,
294170,2,20605.05833995,3,0,11.3694478249001,12.7229535183406,0.1,9,0.0732732441585138,2.41095702922609,2,128648,1,,
296208,2,20758.15418385,3,0,11.3694478249001,12.1815512409644,16.7,16.9,0.0833447245540916,2.4162792301736,2,129519,1,,
302086,2,21189.63723015,3,0,11.3694478249001,43.8535844674718,1.15,139.55,0.946179822960567,2.4162792301736,14,132056,1,,
304519,2,21369.2925195,3,0,11.3694478249001,160.79647638073,23.8,1157.3,69.172404663615,2.41095702922609,223,133111,1,,
306409,2,21514.7378591,3,0,11.3694478249001,33.5669411973241,1.05,41.85,0.438168020492823,2.40386076129606,7,133918,1,,
311979,2,21925.6598625,3,0,11.3694478249001,27.8822172848741,1.95,82.5,0.358431559142153,2.40208669431355,6,136324,1,,
314110,2,22082.6878432,3,0,11.3694478249001,64.4268710077673,5,70.15,1.65169347323216,2.41095702922609,22,137238,1,,
316000,2,22221.06252535,3,0,11.3694478249001,149.156327417142,3.75,250.6,5.65033792622415,2.41805329715611,43,138058,1,,
319387,2,22479.2157032,3,0,11.3694478249001,273.949552352355,3.9,225.75,24.0020202709468,2.40740889526107,67,139504,1,,
321083,2,22605.4203455,3,0,11.3694478249001,12.9936546570287,58.7,58.85,0.141062279987538,2.41095702922609,2,140237,1,,
327263,2,23070.62980795,3,0,11.3694478249001,27.0701138688098,11.6,112.15,0.703804781508317,2.41273109620859,14,142878,1,,
330361,2,23315.5259069,3,0,11.3694478249001,18.4076774307907,8.45,44.95,0.204993903651085,2.41273109620859,2,144191,1,,
333991,2,23582.67745435,3,0,11.3694478249001,470.749280178602,14.35,456.95,87.6349172601529,2.41095702922609,115,145752,1,,
340258,2,24048.9396236,3,0,11.3694478249001,32.4841366425717,2,32,0.409199324116369,2.42514956508614,8,148465,1,,
340943,2,24099.13921155,3,0,11.3694478249001,46.0191935769766,1.25,64.45,1.02256010123413,2.40563482827857,11,148765,1,,
343402,2,24276.0084947,3,0,11.3694478249001,296.688448002155,2.85,832,76.7952050926434,2.41095702922609,203,149833,1,,
345691,2,24445.553665,3,0,11.3694478249001,50.8918140733624,2.3,48.35,0.758054769622797,2.41273109620859,13,150831,1,,
347687,2,24594.22690085,3,0,11.3694478249001,97.9938122050914,2.05,126.55,3.86294327243505,2.40563482827857,37,151697,1,,
348088,2,24625.7493366,3,0,11.3694478249001,13.5350569344049,0.2,55.25,0.201300636684139,2.40918296224358,2,151867,1,,
349156,2,24704.96252175,3,0,11.3694478249001,40.8758719419028,3.8,67.15,0.880926244215994,2.4162792301736,15,152323,1,,
350672,2,24819.90064595,3,0,11.3694478249001,1487.23205595241,4.2,1930.95,1380.96385828328,2.4162792301736,480,152973,1,,
351540,2,24878.6007487,3,0,11.3694478249001,34.6497457520765,1.05,22.8,0.292113967771388,2.40918296224358,5,153357,1,,
352313,2,24933.98842795,3,0,11.3694478249001,32.4841366425717,1,41.65,0.465890972058997,2.40918296224358,7,153692,1,,
355185,2,25152.5825138,3,0,11.3694478249001,709.236983362816,3.4,649.25,230.10736864827,2.4162792301736,155,154928,1,,
357700,2,25339.1945369,3,0,11.3694478249001,16.512769459974,45.9,156.9,0.535013687626086,2.41095702922609,4,156012,1,,
357701,2,25339.1948197,3,0,11.3694478249001,16.7834705986621,0.3,73.7,0.342998979315984,2.41095702922609,2,156013,1,,
358096,2,25365.1912506,3,0,11.3694478249001,1174.03083849028,3.6,1274.9,799.179262125775,2.41805329715611,266,156185,1,,
358097,2,25365.19282825,3,0,11.3694478249001,13.5350569344049,0.2,45.1,0.171470178015397,2.41805329715611,2,156186,1,,
360267,2,25523.8051646,3,0,11.3694478249001,46.2898947156647,1.05,62.45,1.1197164717789,2.41273109620859,15,157124,1,,
364726,2,25853.6000079,3,0,11.3694478249001,118.837799884075,7.4,377.95,7.89011967832883,2.4145051631911,90,159044,1,,
369321,2,26191.7336336,3,0,11.3694478249001,11.9108501022763,0.05,31.05,0.0804047668018318,2.41273109620859,2,161033,1,,
370241,2,26256.14405835,3,0,11.3694478249001,342.707641579132,3.7,481.7,57.7145539212448,2.41273109620859,122,161431,1,,
375831,2,26666.3087945,3,0,11.3694478249001,46.5605958543528,5.75,175.55,1.71130456077723,2.4145051631911,37,163837,1,,
376279,2,26703.0552278,3,0,11.3694478249001,66.8631812559602,5.8,150.55,3.24093556075181,2.41273109620859,31,164025,1,,
381225,2,27061.7754403,3,0,11.3694478249001,123.710420380461,3.15,360.5,7.96479695016764,2.40563482827857,57,166169,1,,
383990,2,27263.93727135,3,0,11.3694478249001,36.5446537228932,1.15,39.5,0.550071078427041,2.40386076129606,7,167362,1,,
387872,2,27557.7368708,3,0,11.3694478249001,96.0989042342747,5.05,123.3,3.94918691844176,2.43224583301616,35,169030,1,,
388591,2,27610.13892405,3,0,11.3694478249001,558.185747974858,19.5,690.4,138.061682309078,2.41982736413862,145,169345,1,,
391442,2,27818.7054367,3,0,11.3694478249001,123.981121519149,5.6,112.85,6.14874430341358,2.40918296224358,50,170581,1,,
392329,2,27880.17925225,3,0,11.3694478249001,11.9108501022763,0.05,97.05,0.140174137216915,2.40563482827857,2,170974,1,,
395953,2,28140.56642215,3,0,11.3694478249001,43.0414810514076,108.2,406,6.26142411987656,2.41095702922609,85,172550,1,,
402030,2,28580.5345949,3,0,11.3694478249001,12.1815512409644,0.05,19.1,0.0931992987944678,2.4162792301736,2,175190,1,,
402449,2,28608.49603495,3,0,11.3694478249001,46.5605958543528,1.25,60.25,1.18599888917855,2.40918296224358,9,175373,1,,
402924,2,28642.21908755,3,0,11.3694478249001,216.560910950478,4.35,189.05,14.8905782429484,2.41805329715611,55,175579,1,,
405121,2,28811.8720718,3,0,11.3694478249001,18.9490797081668,34.95,35.25,0.27746693996676,2.40386076129606,2,176519,1,,
405771,2,28857.61215255,3,0,11.3694478249001,27.0701138688098,0.9,33.15,0.3835956043098,2.40740889526107,5,176804,1,,
407769,2,29016.4827918,3,0,11.3694478249001,29.2357229783146,0.9,17.45,0.306637886677118,2.4145051631911,4,177651,1,,
409470,2,29145.83741405,3,0,11.3694478249001,12.1815512409644,5.75,5.85,0.134898041549849,2.4162792301736,3,178383,1,,
409654,2,29159.4612545,3,0,11.3694478249001,18.9490797081668,3.4,28.6,0.219482648585701,2.40918296224358,2,178462,1,,
417766,2,29770.21023665,3,0,11.3694478249001,1741.96182745791,5.4,1282.85,1382.43724024112,2.4145051631911,430,181946,1,,
421150,2,30034.45435125,3,0,11.3694478249001,64.1561698690792,2.25,120.15,2.01869282550478,2.4162792301736,25,183396,1,,
421524,2,30063.1695515,3,0,11.3694478249001,12.4522523796525,35.45,35.65,0.118712152508993,2.4145051631911,2,183558,1,,
423524,2,30210.5782963,3,0,11.3694478249001,11.9108501022763,26.85,26.95,0.10245591552591,2.42692363206864,2,184430,1,,
423835,2,30235.81729265,3,0,11.3694478249001,12.1815512409644,8.2,8.4,0.0847018536062314,2.41095702922609,2,184563,1,,
427929,2,30539.9859794,3,0,11.3694478249001,12.1815512409644,0.05,26.7,0.0896408653834574,2.40740889526107,2,186336,1,,
429785,2,30677.12966305,3,0,11.3694478249001,313.742619739505,5.05,267.05,34.870783207432,2.40918296224358,83,187139,1,,
429977,2,30692.8514624,3,0,11.3694478249001,29.7771252556908,0.3,12,0.363226943870665,2.41273109620859,5,187221,1,,
437622,2,31261.92434695,3,0,11.3694478249001,297.771252556908,8.4,557.95,50.3916614257537,2.40563482827857,121,190503,1,,
438764,2,31353.48184195,3,0,11.3694478249001,18.9490797081668,0.25,43,0.185199751406808,2.41095702922609,3,190988,1,,
439748,2,31433.5328403,3,0,11.3694478249001,12.1815512409644,29.5,29.6,0.0931084327024238,2.41095702922609,2,191399,1,,
445880,2,31882.79548755,3,0,11.3694478249001,15.9713671825978,53.85,137.35,0.491661768228357,2.4162792301736,2,194056,1,,
448189,2,32055.6683083,3,0,11.3694478249001,696.784730983164,5.9,643,153.403302245947,2.4162792301736,159,195047,1,,
450654,2,32242.9128883,3,0,11.3694478249001,11.9108501022763,53.55,53.6,0.0907840194446552,2.40918296224358,2,196103,1,,
452904,2,32416.387877,3,0,11.3694478249001,28.1529184235622,10.05,36.05,0.481086127580149,2.41805329715611,8,197065,1,,
456834,2,32720.13036535,3,0,11.3694478249001,111.528869139496,2.15,171.4,6.7182548632095,2.40208669431355,41,198746,1,,
464226,2,33284.912574,3,0,11.3694478249001,11.9108501022763,0.05,8.2,0.0733142804581465,2.40740889526107,2,201904,1,,
464737,2,33324.92417535,3,0,11.3694478249001,11.6401489635882,0.05,38.95,0.0896203472336411,2.41095702922609,2,202119,1,,
466058,2,33419.42880935,3,0,11.3694478249001,17.5955740147264,3.45,24.6,0.20106614354338,2.41273109620859,3,202690,1,,
468678,2,33617.2594737,3,0,11.3694478249001,47.9141015477933,18.3,115.55,1.50527009381403,2.41273109620859,35,203811,1,,
478698,2,34393.815239,3,0,11.3694478249001,368.424249754501,4.85,484.8,74.3766985309811,2.40031262733105,119,208118,1,,
481020,2,34572.9377854,3,0,11.3694478249001,203.56725629345,5.75,305.25,22.5696189206235,2.41095702922609,108,209116,1,,
482173,2,34657.2593961,3,0,11.3694478249001,12.4522523796525,50.35,50.5,0.111636321986605,2.40386076129606,2,209611,1,,
485594,2,34919.4276425,3,0,11.3694478249001,13.2643557957168,0.15,7.45,0.109048103945483,2.40208669431355,2,211081,1,,
490912,2,35313.4079226,3,0,11.3694478249001,27.0701138688098,0.9,40.65,0.292383634883261,2.4162792301736,6,213374,1,,
491235,2,35338.63309665,3,0,11.3694478249001,12.9936546570287,0.1,85.5,0.119655987400546,2.41095702922609,2,213513,1,,
501375,2,36099.7963711,3,0,11.3694478249001,27.8822172848741,3.7,52.1,0.430221634185369,2.4145051631911,7,217894,1,,
507665,2,36575.3444643,3,0,11.3694478249001,26.2580104527455,1,34.65,0.382824708109557,2.4145051631911,6,220588,1,,
511088,2,36836.71255585,3,0,11.3694478249001,11.9108501022763,29.15,29.2,0.0862758888135729,2.40031262733105,2,222054,1,,
519294,2,37470.0557161,3,0,11.3694478249001,145.09581033682,6.8,359.85,12.7044221409709,2.42160143112112,58,225564,1,,
521649,2,37655.27050215,3,0,11.3694478249001,28.1529184235622,2.45,41.9,0.29091805275352,2.41805329715611,3,226576,1,,
523918,2,37828.1061719,3,0,11.3694478249001,140.764592117811,4.2,138.3,6.12576397561925,2.4162792301736,43,227547,1,,
526532,2,38034.70031445,3,0,11.3694478249001,11.6401489635882,0.05,53.1,0.111266995289911,2.40918296224358,2,228666,1,,
527412,2,38102.1888834,3,0,11.3694478249001,990.224765321062,7,836.1,419.215018593761,2.40740889526107,190,229040,1,,
540893,2,39136.91995065,3,0,11.3694478249001,27.3408150074979,0.85,23.35,0.263863406638508,2.41273109620859,3,234794,1,,
541452,2,39181.7167538,3,0,11.3694478249001,17.5955740147264,13.1,26.7,0.204217145122322,2.41095702922609,4,235029,1,,
544353,2,39404.73519235,3,0,11.3694478249001,3170.99313859238,8.1,1439.85,3912.33467698842,2.4145051631911,369,236274,1,,
547908,2,39683.64832595,3,0,11.3694478249001,76.6084222487317,1.75,149,1.64662549022752,2.4145051631911,22,237798,1,,
548257,2,39708.98345335,3,0,11.3694478249001,41.1465730805909,3.2,52.15,0.551607008499009,2.41805329715611,7,237950,1,,
548660,2,39741.6153081,3,0,11.3694478249001,12.1815512409644,0.1,15.15,0.0849011727758762,2.40918296224358,2,238119,1,,
555600,2,40286.22672175,3,0,11.3694478249001,152.675442220087,13.95,251,11.1440402967501,2.41273109620859,60,241080,1,,
560526,2,40659.27694065,3,0,11.3694478249001,69.5701926428411,1.15,55.35,1.31820319077394,2.40563482827857,13,243192,1,,
561335,2,40718.5417347,3,0,11.3694478249001,11.6401489635882,0.05,62,0.113887456137887,2.4145051631911,2,243541,1,,
564606,2,40975.24716265,3,0,11.3694478249001,41.6879753579671,3.25,49.2,0.611986061080065,2.4162792301736,9,244930,1,,
565997,2,41082.0209399,3,0,11.3694478249001,63.8854687303911,3.5,100.85,1.29879888337617,2.40918296224358,20,245528,1,,
574599,2,41735.00802295,3,0,11.3694478249001,11.9108501022763,42,42.1,0.100937572439498,2.4145051631911,2,249214,1,,
578099,2,42000.13621245,3,0,11.3694478249001,27.8822172848741,2.65,48.5,0.449502832684237,2.41095702922609,8,250708,1,,
582075,2,42288.7028815,3,0,11.3694478249001,11.6401489635882,0.05,74.6,0.11850403984657,2.41805329715611,2,252441,1,,
583008,2,42357.78430075,3,0,11.3694478249001,27.611516146186,3.95,49.65,0.426560610025277,2.4145051631911,5,252840,1,,
583419,2,42388.92842215,3,0,11.3694478249001,508.10603731756,7.25,652.9,112.621521468188,2.40918296224358,172,253017,1,,
584229,2,42447.9297404,3,0,11.3694478249001,16.512769459974,9.2,38.75,0.223483687799893,2.41805329715611,4,253363,1,,
586749,2,42635.61211145,3,0,11.3694478249001,12.7229535183406,0.15,8.65,0.0787076226955922,2.41095702922609,2,254448,1,,
590935,2,42934.14154935,3,0,11.3694478249001,25.4459070366812,1.45,20.5,0.270408696429929,2.40918296224358,5,256269,1,,
596952,2,43388.1309225,3,0,11.3694478249001,18.6783785694787,3.3,20.2,0.148100005374553,2.4145051631911,2,258847,1,,
605558,2,44041.10551355,3,0,11.3694478249001,159.984372964666,5.6,274.1,13.420581779833,2.41095702922609,42,262551,1,,
605560,2,44041.11240715,3,0,11.3694478249001,102.595731562789,4.35,117.45,5.40008391524242,2.4145051631911,32,262552,1,,
606756,2,44139.6647662,3,0,11.3694478249001,574.698517434832,7.3,851.15,152.276281312834,2.40563482827857,187,263056,1,,
608101,2,44243.557054,3,0,11.3694478249001,12.1815512409644,14.7,14.8,0.0773944611073445,2.40918296224358,2,263623,1,,
608240,2,44254.25690665,3,0,11.3694478249001,110.716765723432,97.6,1667.65,38.5904423773708,2.40386076129606,294,263680,1,,
608243,2,44254.25957555,3,0,11.3694478249001,21.6560910950478,6.85,214.65,1.01478079128947,2.40386076129606,17,263683,1,,
608244,2,44254.2599151,3,0,11.3694478249001,13.5350569344049,78.1,267.35,0.692695668964883,2.40386076129606,7,263684,1,,
609414,2,44341.9178546,3,0,11.3694478249001,188.137291388228,6.5,445.65,18.1815839515807,2.40918296224358,87,264192,1,,
615234,2,44787.42912885,3,0,11.3694478249001,12.9936546570287,57.15,57.35,0.110264537113168,2.40740889526107,2,266674,1,,
616821,2,44901.04422955,3,0,11.3694478249001,14.8885626278454,27.75,27.95,0.282194907917304,2.40740889526107,2,267365,1,,
618410,2,45018.1969299,3,0,11.3694478249001,19.7611831242311,1.25,5.85,0.151708268577974,2.40563482827857,2,268048,1,,
622389,2,45316.9196979,3,0,11.3694478249001,12.9936546570287,18.7,18.95,0.0940903727293501,2.4162792301736,2,269762,1,,
632136,2,46071.5927154,3,0,11.3694478249001,17.5955740147264,1.2,6.55,0.164159854352251,2.40386076129606,3,273943,1,,
634905,2,46284.2605158,3,0,11.3694478249001,28.1529184235622,0.9,59.45,0.401024306996676,2.4162792301736,7,275132,1,,
641918,2,46794.6838494,3,0,11.3694478249001,17.3248728760383,3.75,11.55,0.169069554486882,2.40918296224358,3,278167,1,,
642909,2,46867.7293572,3,0,11.3694478249001,41.417274219279,3.75,57.6,0.790948294942696,2.4162792301736,11,278593,1,,
644554,2,46991.6386741,3,0,11.3694478249001,153.216844497463,2.55,219.95,12.3714301564368,2.40740889526107,56,279296,1,,
648137,2,47265.5658364,3,0,11.3694478249001,20.3025854016073,1,3.85,0.134625443273717,2.40386076129606,2,280829,1,,
650541,2,47445.35161705,3,0,11.3694478249001,12.1815512409644,0.1,20.1,0.099278533468632,2.40386076129606,2,281869,1,,
653626,2,47675.66265355,3,0,11.3694478249001,85.0001575480627,1.85,100.55,2.78041741278045,2.4145051631911,26,283197,1,,
656512,2,47899.2663305,3,0,11.3694478249001,56.8472391245005,4.6,180.35,1.94844161169779,2.40208669431355,21,284434,1,,
657944,2,48009.01386775,3,0,11.3694478249001,64.6975721464554,12.4,104.3,2.19286553696742,2.42337549810363,25,285043,1,,
668070,2,48782.66365645,3,0,11.3694478249001,12.1815512409644,0.1,88.35,0.115798575235069,2.39676449336604,2,289360,1,,
670381,2,48957.80540635,3,0,11.3694478249001,93.1211917087057,5.1,166.95,4.42821536871176,2.41273109620859,45,290346,1,,
673294,2,49174.85969265,3,0,11.3694478249001,368.965652031877,16,624.45,88.4773573176419,2.41273109620859,87,291598,1,,
673614,2,49201.1998848,3,0,11.3694478249001,65.5096755625197,2.9,139.15,2.18824895325873,2.40208669431355,28,291735,1,,
676833,2,49453.6087749,3,0,11.3694478249001,11.9108501022763,0.05,10.35,0.0779484511523865,2.4162792301736,2,293104,1,,
677815,2,49525.85941895,3,0,11.3694478249001,40.0637685258385,3.95,40.9,0.612484359004177,2.4145051631911,8,293528,1,,
680331,2,49722.36930055,3,0,11.3694478249001,189.761498220357,3.35,273.6,13.1127421158095,2.41273109620859,67,294607,1,,
690318,2,50478.01448885,3,0,11.3694478249001,88.519272351008,8.55,173.35,3.69272470155845,2.41095702922609,28,298907,1,,
693587,2,50718.72793035,3,0,11.3694478249001,12.1815512409644,0.15,8.55,0.0782063936072209,2.41095702922609,2,300322,1,,
694217,2,50766.423721,3,0,11.3694478249001,11.6401489635882,0.05,29.3,0.10206020835088,2.42337549810363,2,300592,1,,
695618,2,50877.25611055,3,0,11.3694478249001,11.9108501022763,0.05,74.5,0.118761982301404,2.40563482827857,2,301192,1,,
697155,2,50991.1514456,3,0,11.3694478249001,16.7834705986621,9.4,10.6,0.184420061713786,2.40918296224358,3,301859,1,,
697504,2,51016.8407655,3,0,11.3694478249001,18.1369762921026,11.95,41.5,0.293711452292806,2.4162792301736,5,302011,1,,
700261,2,51234.40606105,3,0,11.3694478249001,11.6401489635882,0.05,7.1,0.0723440650882582,2.40918296224358,2,303191,1,,
706197,2,51679.4618125,3,0,11.3694478249001,21.9267922337359,2.8,34.7,0.322187713073667,2.40208669431355,5,305741,1,,
719216,2,52644.57978475,3,0,11.3694478249001,24.904504759305,3.4,53,0.382300029707109,2.40386076129606,8,311335,1,,
719722,2,52686.9152076,3,0,11.3694478249001,289.379517257577,3.85,641.25,56.9926667874197,2.41273109620859,136,311547,1,,
722567,2,52905.0275015,3,0,11.3694478249001,12.1815512409644,8.9,9.1,0.0913321471611782,2.4145051631911,2,312769,1,,
723262,2,52962.02524625,3,0,11.3694478249001,11.9108501022763,0.05,66.45,0.127291670296495,2.40918296224358,2,313063,1,,
724016,2,53021.4468515,3,0,11.3694478249001,29.2357229783146,2.7,30.65,0.359369531705187,2.40740889526107,6,313388,1,,
736172,2,53975.7879527,3,0,11.3694478249001,12.1815512409644,19.35,19.45,0.0989971416997218,2.41095702922609,2,318569,1,,
754104,2,55374.625562,3,0,11.3694478249001,23.2802979271764,0.25,12.05,0.243271977715651,2.40918296224358,5,326218,1,,
770872,2,56689.55520015,3,0,11.3694478249001,25.7166081753693,1.1,91.95,0.668709951829547,2.41805329715611,12,333376,1,,
798848,2,58824.31334785,3,0,11.3694478249001,7547.68914890154,6.9,3061.55,27109.1983765101,2.40208669431355,1000,345354,1,,
802434,2,59102.31261865,3,0,11.3694478249001,11.9108501022763,0.05,29.3,0.111483901445112,2.41273109620859,2,346892,1,,
809130,2,59609.2573457,3,0,11.3694478249001,30.5892286717551,1.65,31.45,0.320033307342948,2.40208669431355,4,349752,1,,
815258,2,60074.5826698,3,0,11.3694478249001,17.0541717373502,0.2,7.4,0.189743056009004,2.41805329715611,2,352384,1,,
820350,2,60466.53826405,3,0,11.3694478249001,12.1815512409644,72,72.15,0.132696737190978,2.41273109620859,2,354555,1,,
821907,2,60587.9858703,3,0,11.3694478249001,31.4013320878193,1.4,64.15,0.539477850793276,2.41095702922609,16,355216,1,,
826278,2,60929.63000995,3,0,11.3694478249001,11.9108501022763,7.15,7.25,0.0828288396444229,2.41095702922609,2,357079,1,,
835655,2,61640.72154765,3,0,11.3694478249001,11.9108501022763,0.05,89.3,0.12307958725562,2.40563482827857,2,361088,1,,
837225,2,61757.0836539,3,0,11.3694478249001,279.092873987429,3.95,411.4,68.9345348216296,2.40918296224358,131,361764,1,,
844216,2,62295.6355111,3,0,11.3694478249001,18.6783785694787,0.9,7.8,0.189546668003618,2.40918296224358,3,364757,1,,
853615,2,63007.3935873,3,0,11.3694478249001,11.9108501022763,0.05,8.05,0.082415545483836,2.40386076129606,2,368785,1,,
856917,2,63268.27452215,3,0,11.3694478249001,13.5350569344049,0.15,22.55,0.165429048476606,2.41095702922609,2,370185,1,,
857807,2,63337.3713929,3,0,11.3694478249001,26.2580104527455,0.95,39,0.290835980154255,2.4145051631911,4,370565,1,,
859460,2,63466.48125235,3,0,11.3694478249001,6738.83414650151,5.9,2828.2,32112.5069096003,2.39676449336604,1086,371275,1,,
859461,2,63466.4841895,3,0,11.3694478249001,12.7229535183406,0.1,74.65,0.244799114294841,2.39676449336604,2,371276,1,,
861594,2,63630.82873375,3,0,11.3694478249001,15.9713671825978,0.15,3.75,0.127643410007633,2.40563482827857,2,372192,1,,
861896,2,63653.2669671,3,0,11.3694478249001,44.1242856061599,1.35,36.35,0.71079267710292,2.40740889526107,8,372323,1,,
862215,2,63676.3378387,3,0,11.3694478249001,24.0924013432407,8.4,61,0.305805436027426,2.4145051631911,4,372457,1,,
870529,2,64303.7726884,3,0,11.3694478249001,60.0956527887577,2.2,97.7,1.67808567622453,2.41095702922609,21,376047,1,,
875840,2,64702.59337105,3,16,11.3694478249001,17740.3991239245,10.35,4366.8,211162.457665363,2.40208669431355,1284,378330,1,,
878367,2,64894.6387805,3,0,11.3694478249001,19.490481985543,4.6,35.2,0.234929884233168,2.40386076129606,4,379415,1,,
881787,2,65159.3801222,3,0,11.3694478249001,141.847396672563,4.05,115.05,4.83970686327904,2.41095702922609,33,380871,1,,
882604,2,65224.75536845,3,0,11.3694478249001,74.1721120005388,2.3,96.9,1.99073831196211,2.39853856034854,38,381220,1,,
885582,2,65458.52846225,3,0,11.3694478249001,53.5988254602434,2.35,155.7,2.3363049911694,2.40208669431355,35,382481,1,,
889352,2,65741.45420295,3,0,11.3694478249001,92.3090882926413,3.15,120.65,2.98850076356102,2.40563482827857,30,384112,1,,
896943,2,66320.90487965,3,0,11.3694478249001,29.2357229783146,2.05,29.35,0.403105433620908,2.40563482827857,8,387370,1,,
901882,2,66693.30006925,3,0,11.3694478249001,49.80900951861,3.5,55.05,0.923970391366477,2.4162792301736,12,389493,1,,
902671,2,66755.6883471,3,0,11.3694478249001,41.6879753579671,3.25,94.1,1.01619068129828,2.40918296224358,11,389825,1,,
906315,2,67033.8281241,3,0,11.3694478249001,11.9108501022763,98.6,98.7,0.14613905648496,2.41095702922609,2,391384,1,,
929338,2,68766.85399075,3,0,11.3694478249001,32.4841366425717,154.65,363.25,2.40938184732252,2.40208669431355,45,397318,1,,
929343,2,68766.8729754,3,0,11.3694478249001,16.512769459974,61.35,162.9,0.747678448144233,2.44643836887621,15,397321,1,,
930579,2,68857.69473375,3,0,11.3694478249001,27.3408150074979,0.85,24.95,0.363001244222684,2.41095702922609,5,397856,1,,
933197,2,69056.99857395,3,0,11.3694478249001,74.713514277915,3.9,166.15,2.6977058197064,2.40208669431355,26,398978,1,,
935355,2,69218.6170177,3,0,11.3694478249001,11.9108501022763,64.35,64.45,0.108288932402278,2.41095702922609,2,399913,1,,
958620,2,70977.8572216,3,0,11.3694478249001,26.2580104527455,1.8,24.85,0.325746146484677,2.41095702922609,6,409932,1,,
968721,2,71756.9694157,3,0,11.3694478249001,12.1815512409644,0.1,71.8,0.115467353673747,2.40563482827857,2,414249,1,,
971921,2,71992.8872047,3,0,11.3694478249001,13.2643557957168,89.3,89.5,0.158986349434266,2.40563482827857,2,415628,1,,
978554,2,72481.2187683,3,0,11.3694478249001,12.4522523796525,0.1,6.2,0.0847604768914211,2.39144229241852,2,418498,1,,
1001062,2,74170.20054705,3,0,11.3694478249001,12.1815512409644,41.2,41.35,0.093158262494835,2.39853856034854,2,428196,1,,
1028979,2,76281.3711351,3,0,11.3694478249001,30.8599298104432,1.1,55.2,0.452093981889619,2.40918296224358,10,440178,1,,
1038220,2,76980.01397275,3,0,11.3694478249001,12.7229535183406,0.15,7.4,0.0936243176120926,2.40918296224358,2,444153,1,,
1043145,2,77364.00078935,3,0,11.3694478249001,21.6560910950478,1.9,10.8,0.212609068397217,2.41273109620859,7,446269,1,,
1047696,2,77710.22007255,3,0,11.3694478249001,20.0318842629192,2.55,4.1,0.153337995906246,2.40563482827857,2,448232,1,,
1049413,2,77837.341338,3,0,11.3694478249001,12.7229535183406,66.5,66.65,0.122018505793688,2.41273109620859,2,448970,1,,
1050746,2,77941.0954103,3,0,11.3694478249001,26.7994127301217,4,10.45,0.272730178523439,2.41982736413862,4,449539,1,,
1054423,2,78229.43481965,3,0,11.3694478249001,88.519272351008,3.1,127.6,2.1096673706263,2.40918296224358,31,451117,1,,
1074564,2,79772.3027858,3,0,11.3694478249001,18.4076774307907,0.95,23.1,0.175679329892012,2.41273109620859,3,459747,1,,
1079571,2,80147.74123865,3,0,11.3694478249001,40.8758719419028,1.05,55,0.572784670273762,2.41805329715611,12,461907,1,,
1084885,2,80551.70916425,3,0,11.3694478249001,11.6401489635882,0.05,67.55,0.117800560424294,2.39853856034854,2,464182,1,,
1091538,2,81055.57269525,3,0,11.3694478249001,36.5446537228932,3.05,44.3,0.446864784850704,2.40386076129606,11,467039,1,,
1092904,2,81162.53510265,3,0,11.3694478249001,12.1815512409644,54.7,54.8,0.112210830181464,2.40208669431355,2,467618,1,,
1105823,2,82164.90138735,3,0,11.3694478249001,31.6720332265074,4.15,38.05,0.405078107167539,2.40386076129606,7,473136,1,,
1110542,2,82518.66874675,3,0,11.3694478249001,11.6401489635882,0.05,49.25,0.108863440597136,2.39853856034854,2,475162,1,,
1113470,2,82736.4939083,3,0,11.3694478249001,11.9108501022763,0.1,74.9,0.114523518782194,2.40740889526107,2,476429,1,,
1122566,2,83441.4884161,3,0,11.3694478249001,11.6401489635882,0.05,27.2,0.0814629170995046,2.40563482827857,2,480321,1,,
1126754,2,83751.583228,3,0,11.3694478249001,12.9936546570287,0.15,51.35,0.0873457637682836,2.4145051631911,2,482122,1,,
1143378,2,85026.8842398,3,0,11.3694478249001,11.6401489635882,0.05,7.1,0.0832948947616804,2.40740889526107,2,489260,1,,
1151190,2,85623.34669205,3,0,11.3694478249001,12.4522523796525,7.85,7.95,0.080217172289225,2.40208669431355,2,492593,1,,
1160092,2,86304.56609625,3,0,11.3694478249001,18.4076774307907,3.3,28.2,0.241941229141847,2.40563482827857,5,496408,1,,
1160434,2,86332.83802125,3,0,11.3694478249001,16.512769459974,0.2,2.85,0.130970281442144,2.40031262733105,2,496549,1,,
1197602,2,89163.3501723,3,0,11.3694478249001,11.6401489635882,0.05,50.2,0.101028438531542,2.40208669431355,2,512492,1,,
1209875,2,90091.18073495,3,0,11.3694478249001,11.6401489635882,0.05,8.8,0.0860941566294851,2.39676449336604,2,517798,1,,
1211046,2,90187.3547366,3,0,11.3694478249001,157.818763855161,2.15,185.9,6.39867881749103,2.41805329715611,30,518292,1,,
1218494,2,90760.1118433,3,0,11.3694478249001,78.2326290808603,2.65,93.3,2.12686158017242,2.40563482827857,26,521491,1,,
1219813,2,90857.9826099,3,0,11.3694478249001,11.6401489635882,0.05,98.15,0.114995436227971,2.40740889526107,2,522061,1,,
1235753,2,92045.6403153,3,0,11.3694478249001,124.522523796525,1.2,125.9,3.96730737589388,2.4145051631911,24,528921,1,,
1236173,2,92077.79931465,3,0,11.3694478249001,12.4522523796525,0.15,16.95,0.0925544426573819,2.40740889526107,2,529099,1,,
1237592,2,92186.26406615,3,0,11.3694478249001,19.490481985543,53.8,55.55,0.394549365147482,2.4145051631911,5,529709,1,,
1240170,2,92384.72871405,3,0,11.3694478249001,24.0924013432407,0.95,34.2,0.359135038564429,2.39321635940102,7,530815,1,,
1240336,2,92396.709406,3,0,11.3694478249001,90.1434791831366,1.25,83.1,2.63404972548325,2.41805329715611,17,530888,1,,
1244374,2,92692.79525595,3,0,11.3694478249001,118.567098745387,2.15,189.7,4.61512105771758,2.41273109620859,23,532633,1,,
1245714,2,92783.4466594,3,0,11.3694478249001,11.6401489635882,0.05,85.35,0.137867310944703,2.40563482827857,2,533221,1,,
1245759,2,92787.17017225,3,0,11.3694478249001,31.9427343651955,3.5,88.45,0.4826015395023,2.41982736413862,8,533241,1,,
1246475,2,92842.48876875,3,0,11.3694478249001,21.6560910950478,1.4,40.35,0.258089013047329,2.41273109620859,4,533547,1,,
1246690,2,92856.4716219,3,0,11.3694478249001,306.704390133615,2.9,276.75,27.0094592867883,2.40918296224358,54,533641,1,,
1246733,2,92860.22237715,3,0,11.3694478249001,13.2643557957168,97.85,102.8,0.391049555021661,2.40386076129606,3,533659,1,,
1246734,2,92860.22267745,3,0,11.3694478249001,12.1815512409644,0.15,39.35,0.207142447053285,2.40386076129606,2,533660,1,,
1246737,2,92860.2254743,3,0,11.3694478249001,21.6560910950478,1.55,65.9,0.419320634304358,2.42869769905115,3,533663,1,,
1246739,2,92860.2258079,3,0,11.3694478249001,17.8662751534145,33.15,140.5,0.596090357300898,2.42869769905115,8,533665,1,,
1246740,2,92860.2262737,3,0,11.3694478249001,20.8439876789835,1.15,34.85,0.246112275883089,2.42869769905115,2,533666,1,,
1246743,2,92860.2271266,3,0,11.3694478249001,12.7229535183406,182.35,268,0.53578165266207,2.42869769905115,2,533669,1,,
1246746,2,92860.23025975,3,0,11.3694478249001,1164.28559749751,1944.1,2769.5,916.100435167089,2.42869769905115,472,533671,1,,
1264381,2,94074.8369454,3,0,11.3694478249001,14.3471603504692,0.1,13.8,0.154900306456549,2.4145051631911,3,541403,1,,
1264449,2,94079.68490815,3,0,11.3694478249001,33.5669411973241,1.1,35.25,0.452902983225236,2.42337549810363,7,541434,1,,
1268599,2,94363.80982315,3,0,11.3694478249001,22.7388956498002,188.25,250.15,1.11207199539017,2.42337549810363,8,543245,1,,
1268601,2,94363.81231085,3,0,11.3694478249001,24.904504759305,6.3,19.1,0.367562135810437,2.44111616792869,2,543246,1,,
1268603,2,94363.81475,3,0,11.3694478249001,1677.80565758883,27.6,272.7,1928.91235462997,2.44111616792869,54,543248,1,,
1269056,2,94393.5939021,3,0,11.3694478249001,11.9108501022763,0.05,50.2,0.101981066915874,2.43047176603366,2,543448,1,,
1277824,2,94933.2251903,3,0,11.3694478249001,11.9108501022763,8.6,8.75,0.0821194978936284,2.42869769905115,2,547385,1,,
1278751,2,94988.6133074,3,0,11.3694478249001,12.4522523796525,0.1,32.4,0.103757352457119,2.42869769905115,2,547801,1,,
1280819,2,95120.02510705,3,0,11.3694478249001,11.9108501022763,0.05,28.25,0.0910126502568947,2.41982736413862,2,548720,1,,
1310699,2,97000.48936285,3,0,11.3694478249001,11.6401489635882,0.05,9.45,0.0832128221624149,2.4162792301736,2,562104,1,,
1316977,2,97391.3043365,3,0,11.3694478249001,12.1815512409644,0.1,9.1,0.0906521170529785,2.43401989999867,2,564912,1,,
